x'tiv 111111

1111111111 iii. 18 1111111111 11, 11. W
111111111111111, 8 11111111111111 18
1111111111, lt 111111111πῆ1,Ιο
1111111111111 11111111111111, 10
11111ίοί, 17 1111111111 1, 8
1111111111, 11 Permittit 118
1111111111 vi, 18 1111111111 1, 0. 1, 11
11111111111111 111111111111111
Pompam iii, 111 111111111118
Perottus 1, 11 1111111111 1, t. 1114
1111111111111111 1111111111 iii, 18
Pon-coluerat 11, 18 1111111111 1, 4
111ω11111111,1 Pemovorent 11,4
Percontatum 11111ωαὶ ii, 18
Percontatus iv, 8 Pormutttione i, 11
, Perculsa 111 Pernicie ii, 8. 11. 81. 11118. 11, 12

Perculsi iv, θ 1011111111 i, 11. ii, 8. 88. iii, 21. 2⁶
1111111111 ii, 1. 11 11111111ιὶ111
Perculsus 111 Fonteio-uma. 1111
1111111111, 11 1111111110 iii, 14
percunctatum 1111011111 iii, 18. nt
1111111111111, 14 11110111111118
,11111ςί111, 10

Pereunt vi, 1

perfeceram, u

1111111111 11, 14

Perfecto 11, 11

1111111111, 11. 11, 8. 18. 88. 1, 10

pertentati, 88. 11, 1. 1, 8. 10. 11, 18

1111111111 iii, 11

1111111, 10

1111111111 11 14. 11, 18

Portemt 11, 11

11111111, 18

1111111111 1, 1

1111111111, 11

1111011111, 11

1111111111 111,Ιο
, Pemlutumv, 11
Pomorum 11 81 1111111111 vi, 18
Pergit i, 11. 111111. 11111. m 1 1111111111, w
9.1,1.11,0 111111111111
1111111111, tt 1111111 vi, 18
pergunt 11, 11 ⁸²· ω· 411 ’161 1117. Pmdflndi 1, ²⁰
11, 10 Pomm 119
1111111811111 iii, 8. 1, 11 1111111111 ii, 18
1111111111ῑί vi, 1 Pomm 11. 0. 11
11111111 11, 11 pertentati» 1, 18
1111111111 111111111111111111
1111111118 ' 1111111111 1111
111111111118 1111111111
Peritinimoe 11, 14 1111111111111
P ' 11, 1111111111 11 81
1 11111 1111111111 110
1111111111 11, 11 1111111111111, 40
11111υά11111· 11, 14 Pavonem 1, 8

 

