111111 mun

1111111111ιί111 11101111111,11
1111111111 11111111(11111111111)1, 10
1111111111,11.11,1.11.11,11.1,1 1111111111, 11
1111ῡέ11ϋῶ11. 1111111111. 11111111, 'ffim' .11 11111
11 1 0 regn-nii,
mim 11111111111,Ιο.11,11.11.11.11
’ 11,1 “ 11, 1
1111111111 Hm 11011111111111, 1
hob-mim 11, 11 , humbaudus 11, 11
Probitate 11, 0 1111111111111 11, 1
111111111111,1 111111111111,1
1111111111, 11. 10 1111111111 11, 11
hemmam& 11111 1111111111,1.11.11,11
11111111ῐῆ11) Prohibet 11,’1
miv» ”a '1‘ Mihm 11 181 V, 11
1111111111,1
1111111111 11 1 11,1.11
111111111(11111]“11111)11,11
1111111111
111111111, 10
1111111111,10.111,18
hominium?
promimus
1111111111,’10
111111111,11
1111111111, 10
1111111111ὶί 1
1111111111, 11
1111111111, 1
· 1111111111111, 11
11111111111111, 11
1111111111,10
11111111111111, 10

Ρ1111111111111, 10. 1,1

1111111111, 11

1111111111 0

1111111111,11 Propinquoru'mw. 1,1
1111111111 11, 11 1111111111 1,
1111111111,10 11111111,11
11111111111,0 11111111, 0. u
&aduenam 1111111111
1111ωω11,11.111,11 1111111111
Mutuum! 1111111111, 1
11111111,11 111ρο111111
1111111111, 11 1ω111111111,1
1101111111,10 11011111,11.11
mii, 10. 11, 1011 11111111,10.1“,1.11
0111111111,111,1.1,11.11 111111111110
meeetioninmlo 1111111111,11. 11 .
1111111111, 11 1111111111,10.111,11.11,11
11111111110 Pmmmffiw
1111111111ἰί, 11 111111111111,11
&munim · 0111011111
11111111, 11. 1111111111 11111111, 11
Meum 1111111111, 11
hond-dm, 11 nummii, 11

 

