IN 11. CRETENSBM.

F.

Fibreiuctum 1, 6. 6

11161111 1, 6

1111111161 111, 1

1161111111111 1, li

1161111111 1. 16

Fuuum 111, 26

1111111 1, 4

Facie i, 14

Faciem i, 22. ii, 46. 11,6

11111111 111, 24

11111111 11, 16

Faciendum 11, 8

111111 111, 16

111111 11, 16. 46. 11, 6. 11, 2

11111111 11, 28 48. 1, 11

Fucinum ii, 16. 11, 16. 1, u·

11111111 1, 21. iii, 28

1111111611 11, 88. 44. 111, 21. 11, 26.
1, 14

1111111111 1, 1. 11, 26. 111, 1. 11, 4 Ι

Fucinus i, 8. 6. 11, 8. 22. 21. 46. 111,
26. 11, 4. 11. 11, 18. 16

Facis ii, 28

111111, 4. 8. 16. 11, 86. 68. 66

1111111111, 8. 6

1111111, 4. 18.26. 84. 44. 111, 6. 1, 6

Factum 1, 11

111111, 4. ii, 62

111111 11, 6

Fucini, 16. 11, 86

Factum ii, 6. 1, 6. 11, 16

111111111, 4

Factum· 11, 6. 18

Fucturum ii, 62. 1, 6

mom ii, 1. 11. 11 11, 11. 11. 11,1.

11111611 1, 11

1111166111 1, 2

1111111, 26

111111 11, 2

11111 1, 8. 12. 11, 28. 111, 16 11, l· 4.
14. 1,11. 11,2. 18

Fumo 111, 26

Famam 11, 6

1111111611τῆ, 66 7

familiarium 11, 62

1111111 iv, 21

111 11, 6

1116111 1, 6

ium· iii, 11

1161 1, 14

Furnio v, 6

Futurum 1, 18

Futigubrutur ii, 66

1161161111 111, 8

1161111 1, 16

66111111. 11, 4

11611111 11, 1
11611611, 6. 11, 66. 46
1111111111 11, 16. 11, 6

1111111111, 14

Furor iii, 18

Furore ii. 16. 11, 26. 11, 6

Furorum 11, 62

recent i, 16. 111, 26

Fecit 11931 2⁶· ⁴8· 511 111, 11. 11, 1⁶·
22. 11, 6

11111111 111, 18

Femur ii, 6. 46

Forum 1, 2

1111114141. 111, 1. 11, 8. 11

11116161· 11, 18

11111111 111, 1

Perire 11, 6

11111111, 8. 11, 12

Ferme 1, 4

11111111, 16

1111111, 4

1111111116 11, 8

Ferro v, 16

Ferrum 11, 6. 46

1111 11, 6

Fertur 11, 21

1111111, 16. 11, 46. 11, 1. 8. 14

11111 111, 16

’ 1111111,12

1116116111111, 1

Fertiuubutur ii, 8

111111116611 11, 61. 11, 18. 26. 1, 11

1116111111 i, 16. ii, 6

1111111111 1, 26. 11, 68

1116116111 1, 16. 11, 2. 11. 11,1

Fidum 11, 16

Fide 11, 26. 11,

11116111 11, 12

Fidei i, Η· 11, ²⁶· 11, 22· 'r ²

Fideles ii, 16

Fidelis ii, 28

1111111111. 11,16. 16. 18. 26. 61.
41.111,6.18.1,1.1.16

Fidum 11, 2

rides i, 26. 111, 6. 1, 16

Fidis iii, 16

fidissimis 11, 14

Ηῶὓώῦθῧ 11, 71 1⁸

Fidiuimum 1, 18

11111 1, 8

1111111111, 6. 11,1

Fiduciam ii, 12. 11, 1. 26

Fidus 11, 8

fieret ii, 46. 111, 16. 1, 1

Fieri i. 2. 6. 11, 26. 111, 26. 1, 6

1111 11, 22

 

