ui

111111111111111, 14
1111111111 11, 11. 11. 11. 11. 1, 4. 11
Dmmt i, 1,· 11, 2¹
1111111111 11, 11
1111111111 11, 1
1111111111 “ 111, 11
11111111111,18
1111111111 1, M
1111111111 11, 41
11111111111,11
„mn 11 19
Bothum 111. 11
notumne 11, 41
11111111, 14

1111111 111, 11
1111111, 1

necopina iii, 11
1111111111, 11

Dm iii, 11
11111111111111, 11. 14. 1, 4.11
Donum 11, 14. 11,1

mm

1111111111111,11
Defomtun 111, 11
1111111111 .
Defunctum 11, 11. 11, 1
111111 iii. 11 Ι
Docebat (1111 Agebat) ι, 1
1111111 ii. 11

1111111111, 11. 11, 11
Domuum 111, 11
11111111

1111111111 11, 11

Dejectum 11, 11

Deficere 11, 11
&mmmmm

11111 ‘to 111, 1

Dei 1, 11. 11, 19. 11, 11
Deiphobum 111, 4. 8. 1, 11
0011111011111111 ¹¹· w· u

mmmm

Deiectus 1, 11
[11111111 11, 11

· 1111111114

Deleta 11, 1. 1
11111111 11, 41. 11, 1
1111111111υά1 1, 1
Delibtmtibuu 1, 11
Delibat-10 11, 11
Delibemio 1, 11
11111111, 11

Delubra 111, 11. 11, 11. 1,1
Dolum 111, 14

nemisia 1, 1

Demophoon 1, 14. 1, 11. 11,1
1111111111 11, 18

1111111111, 1

1111111111 11, 1

1111111111 1, 11

Denupant vi: 1
111 ¹·

οο , . 1,

1111111111, 11. 1111111. 11, 18. 1,1.

1. n. 11,1 ’
1111111, 11. 11. 11111. v,⁸
Deponendmivm
1111111111ϋί,Ιῦ
111ρωὶ111 11,1
111ρ111111111,11
1111111111 11, 11

Deponunt 11, 11. 1,11
Depopulntur 11, 21

 

