ΙΝ 11. clinnum.

111111111111111

111111111, 10. 11, 10. 11 11

1111111111, 10. 117. 11,1

Diversi iii, 18. 118

1181111111 11, 18. vim

11111111 1, 17. 11, 18

Diversum 111, 18

111111111111

1111 11, 10

111111118111, 18

111118111ιωὶ, 1

Dividenda· 1,1

Dividit i, 18

1111111 11. 18. 11. 11

11111111, 11

Divinum v, 7

Divina· i, 14

11111111 11, 4

11111111111, 11. 11, 11. iii, 18. 1118.
11. 11, 11

111111111111. 11, 14

1111111141

11811114

1111111111 1, 1.4 -

111111111118. 81. 111, 1. 111

1111111111, 88

Divitia· 11

11811111, 1817. iii, 18

11111111, 18

Diutius ii, 10

Βίωἰςιῑω 1,8

Divum 111, 18

11111111 iii, 11. 11, 18

Dixerit iv, 11

Diximus 11, 14. 40

11111111 1, 10

11818111111148. v, 4. 8

Docere 1111. 18

nocerentur ii, 18

Docet ii, 48

Docti ii, 7. 81

1101111111, 8. 17. iv, 18. 18 ·

1111111111 1, 10. 11, 10. 18. 111

1111111111

1111111111ιῦ, 88

unianimi, 11

Domai, θα ”0 71, u ἱ

Dolore 11, 18

noim 1,7

1111111ίί, 10

Dolo 11, 10. iii. 8. 1111

Dolonem ii, 17

Dolor 811111. 118. 111

Dolon ii, 8. 10. 18. 1111. 11. 118.
11. 4. 10. 11. 18

noim 11, 1810. 10

Dolum 11, 18 -

118181111814. 1111111. 18

1181818101

1111111111, 8. iii, 18. 1118

11111111, 11. 8111. 11, 11

Βο111,8.11,10.111,18.1,18.11. 11,

1111111111 111. 1

Domini 1, 8. ii, 11. iii. Β

Dominus 17

Dumium 11, 18. iii, 8

Dominus iii, l

1111111, 1.0. 11, 48. iii, 11. 11, 11

111111111111

8811881111, 10. 11, 18

11ο111ι111.8.8.8.010.11.11,4.
D· 12· 171 2⁰· ”unu ⁸⁰· in’o 7,
8. 11. 11, 8. 7-9

11111111, 18. 1111.’ 1, 1. 4. 11,8

nom ii, 18. 18

11111ιί11, 18. 17

1111111118

11111111 11,8

Donum 118

1111111, 18. 1111818. fl· 44. 1
18. 118

Donum iii. 18. 11, 81. 1, E 11

Danielum 1117 “

Dotiii, 40

1111118118. 118

1111111111, 44

111111, 18. 11, 8. 110

111811111111111, 11

1181111111

111811111144. iii, 1. 4. 11

Duce i, 8· siqu· ffi, 1⁰· 17, ⁴· u· H·
vi, 10

1111111110

Ducere 11, 1

Ducentur 1111

1111111181818. 11.11,1.1.1. 10.
10. 11. 10. 81. 8117. 414148.
48. 81. 11111. 10. 111. 11. 11.
11111111111111

Duciiv, 10

1111111111, 10. 11, 4. 10.11. 1111. 11.
18114144. 81. 111111.
11.10.11.14.11 1. 11. 11111,

11111111, 11. 18. iii. 1818. 11, 8. 18.
1, 11. 18

Ducitur iv, 8

1118111118

111111 11, 11

1111111111, 18

01111111. 8111111

1111111111, 10. 48

1111111181, 17

Dum 1,11. 11, 0. 11. 17. 41. iii. 11.
11. 11,7

 

