xxiv

1111011101 11, 10
1111111111, 40

1111121

1111001111, 20
Fodit iii, 10

111111,2.21.11,17.47.11,2.2.0.7 1110111110
2111111100 11102024. 1001101140

27

1011111011 111, 22

111111111022. 11,2.10.17.10.10. 10111111 im

22. 11, 22. 110
Pilum ii, 40. 111, 2⁶

1110111 1, 21
10011011 ii, 27. v, 12

mii 11, 12. 22. 20. 11111110. vi. 14 1001101 111, 10

10111111, 21. w. 112. 110
1111011120. 12. 11012

111111 111, 14. v, 12
11111111 11, 41

0110111111. 11, 12. 42. 111, 1. 2. 7. 10111111 11, 22

102120. iv, 7. 22. vi, 12

11111111, 10

11110111. 0. 10. 11. 11010. iii, 2. 10. 1100110112. 10
2022. Mc. 1122. 1,1.0. 10. 1110110101 in!

*10

1001011011 v, 12

mim 11, 21. 111, 2027. vl. 2012. 1111111111 1,2

10

10011110 111, 20

11110110101110. 114. viam 1111111111 iii, 0. 11, 1. 0. 1,11. 12. 111
110001112220.00.01.1110.20. iv, 1111111110 vi, 12

1022.1,2.2.4.2.10. 010

11011 11, 20
tinibus 11, 20
11011111, 10

Foru 1,0

1001111110

10111 vi, 2

1011221122. imo· ν191 ¹⁸

01111110. 11, 22. 41. 111, 1110. iv, 2. 100111 ii. 22. 111, 20. vi, 14

0.1.12. v, 00
finitimo 11, 20
finitima ii, 12
Finitimi 11, 10
1111111111 11, 0. 27
ruffino 11, 2
1101110101 111, 10 ,
111110 v, 1
1110111011, 10
1110100011, 10
rimatores v, 10
firmum 11, 10. 41
firmissimus i. 22
rimo ii, 41. 11, 10
Eli iii, 21
11111, 0. v, 17
Fue 11, 20
11111011 11, 20
11111111 111, 20. ν, 7
flantibus 1, 4
111011 1, 22
flectere 1, 10
111111, 0
fletu 111, 20. v. 2
1111101111, 1. v, 0. vi, 10
fletu· v, 2
flexum iii. 11
Flam 11, 02
1101110111 11, l
1101110 ’111, 10. 11, 0
11011111 111, 14
0111111111, 0
11011 111, 2
fluxere 111, 2

1000111111, 0

Foro v, 7. 10

10111 11, 10

Fortia 111 η· 2⁵· “0⁴⁴⁸ 111, 91 17, ¹⁶

1011111111 11, 10

Fortiorem iv, 10

1010111100, 10

1010111010 11, 0

Fortium 1, 14

Fortuna 11, 41. 44. 111, 0. 14. 11, 0. 0.
mmmmm

1011111111, 21. 11, 0

1010111101 iii, 10. Μ. 20

fortunarum vi, 8

10111111 111, 00. 11, 12

Forum 1, 10

rrum 111, 10

111011 11, 47

fractis 111, 17

Fam 1, l· n· 111,· „1⁸⁵0 'ip'

11111111 11, 2. 21. 11, 10

11111111 11, 20

11111 1, 14. 11, 0. 7. 1110

Prztmm 11, 0. 20. 11, 12. v, 10. vi, 2.

ἙΙΙ1122 1111 ’01 V, ⁹· Vi, ὅ

11111 11, 22

11110111, 0. 110

Fratris vi, 10

1111011110 11, 41

1111011111 11, 10

Frequentibus 11, 11

0111111, 20. 40

1100001111, 2. 20

 

