111 D. 11111110Νὸ1111.

Veste 111,11.20. 11, 00

11111111,Ιο

1111131111, 40

11101111,12.20.27

01111111

1111111111, 22

111111111122112010

1111111111, 22

11111111, 10

1111111.111111111141.11.
0. 11. 20. 1, 8. 14

11111, 12

1111111114

1111111111, 10

1111101111, 00

11111,1.111,1.14.1,10

1111111, 21.· 11, 22

111111, 10

11111111· ιι, 22

11111 11, 4. 12,

victi 1, 0

victimam 1, 10

victimarum ii, 14. 00
1111111111 1, 8

1111οι·· ιι, 4.’“ ui, 17. 10.· 11. 0

1111111111, 4441. 48
1111110111, 47.“ nii. 10

Victorim' 1, 21. 11, 0
’1111111111104
1111111οω111, 17
11111111, 10
1101111111, 2
1101111117
1111011111 ιιι 17. 04
11010111, 0
³ 1101010111, 10. 00. 00. 08. 00. 111μο
10. 1,9
Vident i, 10. 111, 0.Ῑο

’ videretur 1, 1. 8. 8. 10. 10. 11, 0. 20.

20. 00. 40
1111111114
1111110,1.10.11,1.11,1.11.ι4
1111111111, 20
11111111, 0.11, 00.· 111, 21

113111111111,10.111, 10

1131111111, afli, 12. 21. 1, 14

1131111111,Ιο

1131111117

1131111, 00

01111111 11,11. 121018. 21
2227.111,.2011,01101011

“ 111114. ι1

Vincere 111, 10

1111111111, 10. 18

11101111011111, 1. 11, 0

Vindicandum 11, 01

vindicasset iii, 14

vindicatum iv, 21. 11, 12

11101111111, 10

11111111, 0

11111111,14.11,8.1,12.110

1111111, 22

1111111111, 18

1111111110

1111111111, 41

11101101102014

11111111,10.11,22.11,2

1113111110

virginem, 21. 22

11311111, 21. 11,00.111,2 - Γ

11111411444111111111,

1111011111, 2. 0. 4. 11, 010

11111111, 22. 11, 4

1111111111, 10

11111111111,0 ’

1111111,1.4.10.11,0

11111111111000

1111111111, 2. 11, 10

11111,20.11,44.11,1.011,12

Virorumii,⁶2. 1,14

11ω11,20.11,.20 1,.210

11111111, 10

11111111,14.11,12.20.40. 11,11.10.
14. v, 14

111οξ1111, 18.20.44.111,4.11,10.
11

1111101111, 4

1111111111, 10. ii, 0.11,1

Virtutum v, 10
11111111,48.11,10.1,10

1111, 0. 1410. 17. 10. 21. 11, 00. 00.

40.1111,0.12.10.20.1,1110.
11

111111 111, 20

visendi iii, 20

visentibus ii, 21

Visere 111, 2. 11, 0

vili iii, 1⁶· iv, ⁴0 v, 8

11111 ii, 02. 40

1111111, 20. 11, 1. 0. 11. 21

1110111111, u· ¹⁴⁸ u, ηε ⁸⁵· 111)πο 11,

001110221,.410.11,4.14
1111111,Ιο

11111,1.,11.2

’ 111111, 10. 11,0. 10

vitam iv, 18
111111 11, 10
11111111, 14
Vitis 11, 0
vivendi iv, 10
vivi 111, 14

’ 1111110

111111,10.11,20.11,0.8.12
111111111, 0

01111111, 0

 

