ΙΝ 1). ORE'I'BNSRM.

1111110

Mirum 1, 11 -

1111111111 iii, 10

Minci-abilon 1, 0. 11, 11

1111111111111,10. 1,1

1111111101 iii, 11

111111111101 11, 11. 40. 111, 11. 11, 9.
1, 11

1111111τί iii, 11

1111111111, 14

1111111111 iii, 10. 11, 11

Mutatio 111, 10

’111111111111 i, 1

11111111101110 11, 10

1111111110111, 0

1111111110111111, 10

1111111111

miserationum

1111111111, 11

111111111111111,14. 1, 1

Minu-ito 11,1

Misericordiam

Misericordia 1, 1

Misericordiam vi, 1

, 1111110 iii, 11

111111111100111, 11

11111111 11, 48

11111111, 4

111111 1, 11

1111111 i, 11

11111111, 0

111111111, 10 Ι

1111111111, 41. 1, 10

Musunii, 11

Mittere 1,10

mitterentur ii, 10

11111111111,1

Mitti ii, 48. 1, 9

Mittit 11, 10. 11, 1. 11. 11

1111111111 11, 14. 11. 11

1111111111, 11. ti

Mittuntur 11, 4

Mixtus 11, 11

11111111, 0

1111111111, 11. 11, 10

111111111011, 10

Menestheus i, 1111. 11,1

1111111111, 1

1101111ιί111 11, 11

Modi (101 eujutquemodi) 11, 18

110111 111,11

Modo 1, 10

11010111 vi, 1

Modum i, 1. 0. 11, 01. 40. 11111. 10.
11. 11, 1. 0. 11. 10. 1, 11. 11, 10

Μο11011, 19. 11, 10. 11, 1. 1,1

Monta ii, 40. 41. iii, 10. 11, 1. 11,10.
1,1.11.11

1111111101 11, 10.’·11.“ 1. 11

xxxvii

11110111, 8 .
11011011 11, 11
Moron-ibus 111, 10. 11
111111 11, 4
Μ1111111,11. 11, 14
1111111111 11, 14 ¹
11111111, 1
Moeniorunu 11, 1
1111110 ii, 1

Molo ii, 41

Moli i, 1

Molirenmr 11, 11
1101111101 111, 1. 11, 11
1101110111 11, 10
1111111111, 11. 11, 4
Molossos 11, 1. 11
Monobnt v, 4
1101111111, 0. 1, 1
Monet 1, 0. 11, 0.11. 111, 11
1101111111 11, 10
Monte ii, 11

- 1100111111,11.111,11 .

11011111 11,4

1111011111ιί1, 1. 1,11

Monumentum 11, 4

Mopnun i, 11

Morabantur 11, 1. 10

1101111111, 10. 1, 11

1101111111 11, 41

1101111111

14011ῑο11111 1,0

1101110111, 41

Morbi 11, 10

11011011, 8⁰ ’1

1101101110 ,

More 1, ²· 81 1121 61 151981 ,61 ⁴⁰0 ⁶²·
Mi,1· 101 ¹2· 171 2⁸· Μ· iv, 81 121
1, 0. 11. 11,4 1

Morem ii, 11. iii, 1. 11

1111111111111111

11111111, 11 ’

Μο11011, 11. 11, 4

1101111θῦ ii, ⁴· 11111ο15.181421 111, 01
11.10. 11, 11

1111111101 1, 0. 1111110

1111111011 11, 10

1101111, 14. iii, 10. 11, 1. 1,10

Mortem ii, 11. iii, 14. 11, 11. v, 2.
vi, 11

Multis ii, 1. iii: 11. 11,11.10. '115⁶
vi. 10

1101100111, 10

1101111111, 11. 14. 11, 11

1101 iii, 10. 11, 1. 11, 11

Motis 1,1

Motu i, 11

110111111011. 11, 41. 1, 11. 10

Movent v, 11

11011111101 1, 0

 

