. 11 υ. 1111111111.

emunaetas 11
circumdat 21
0111111111 10
Cito 11. 14
Cives 4
. Civibus 12
Civitatem 4. 21
elam 10. 10. 40. 42
0111111 24
elmon ¹90 ⁸⁸· ⁸⁵· ⁸⁶
clamosum 11
01111122. 21. 21. 12. 11
codo 24
cedes 10. 20. 21. 22. 21. 20. 11. 12
Cedit 10. 20. 2011. 12. 11. 41
cucusum 11
01111111 11. 10. 41 01111111 1. 7. 1. 1. 10. 11. 11
calido 11 0111111111 11
0111111111 1211 01111111. 11
0111111111 01111140
0111111111 11
0111111 17
. 0111111111
01111 11. 11 clementem 11. 11
0111111110 clementinum
0111111111 · clypeo 11. 11
0111140 clytemnestram 0
0111111 01111122
assummum 0111111
0111111112 0111111110
0111111111 0111111121
1111111111 0111111. 1. 1. 11. 1111. 11. 11.
euterun 1. m 10.11.11.11.10.11.41
eutr· 11. 11. 11111111. 1111 ,

011111.1.10.11.27. 10. 41
0111111 12 01111111 1. 2. 1
cnidinum! 011111111111
eodem 21 Collaudavit!
01111121 011111111124 “
0111111114 Collo 12
01111111 11 01111111111114
0111111120. 40 0111111114
Collocuturum 14
Collum 28
Colophouis 11
cominu· 21. 16
comitibus 10
commeatu 11. 21
commum 11. 22. 20
0111111 11. 212120. 11. 17 Commemorat 11. 14. 42
01111111111141 011111111111 17. 20. 10. 11. 42
ciconia 10 Commisso 20. 12. 13
(3111111 0111111111
0111111144 011111111111
011111111120 0111111112. 1. 21

 

