mii

1111101111 11111 11, 10
lumem 11, 40. 11, 10
interim 111, ἥ
intanti 1, 14

1111111111 11, 1
latericiam 11, 10
1111101111111111, 1
interficiendum ίί. 40

1111111111 11, 11. 40
1111110111 111, 1
111111ου1117· 11,ιῦ
111111111 11, 11
11111111 ii, 8. 11
Immo· iii, 10
11111111 iii. 4
Inveniri ν, 1

1111111111 11,11.10. 10. {MA-'101‘- Inventum 11, 10

11,11.11.10.11,1.0.10
1111101111111, 1. 11, 0.1
interficiunt 11, 40. iii. 1. 11, 1.0
111101111111 1, 11 ,
1111111111111,11. 111
latereni. 11
1111111111 11, 10
111111111111 1, 0
1111111111 11, 10
Interiorum
111111111111, 10
1111111111, 10. 11. 1110
morimundo 11, 11
11111111 1, 0
1111111111, 11

Interim 1,11. 1111111. 11,11. 1,1.

11, 11
Interim iii. 0. 11. v, 4.11. 11, 8
1111111111 11, 11
1111111111 11, 14
Interim· iii, 1. 11. 0. v, 1
interint 11, 10
1111111111 v, 11
1111111111ωο, 11
111111111ιο1· iii, 10
11111111111111. 0
Interponenda iv, 10
nummi 1, 11
1111111111 1, 11. 11, 10. 10. 11, 10
11111111111. 1, 11
lampa-ino 11, 11
11111111111111, 11
Inurpnntnndi 11, 11
1111111οῆ111 11, 10
1111111111111, 0
11111111 1, 1
11111111111111, 11
Interveniat 1, 10
1111111101 11, 11
Internum i, 8. 1, 10. 11. 11, 1
1111111111 11, 1
lanuvi-0 iii. 10
limpidii, 11
1111111111 11, 11
Intueri iii, 11
11111111 ii. 10
11111111, 11. 1, 10. 10
lundonii 'n'. 10
11110111 11, 11. 41
landem iii, 0
1111111111, 10. ii, 1. 11. 10. 11,0

Invuiignndnrn 11, 10
111111111οΜ 11, 11
Invidia ii, 10
larianum ii. 40
1111ο11111 iii, 10
11111111111, 11
1111111111111, 1. 1, 11
1111111111 11, 11

1111111 1, 1

1111111111 iii, 11
launo· 1, 11
1110111111 11, 10

11 11, 10

Ioco 1, 11

11111111 11, 8

inicorum ii, 26

1111 i, 1. 0

lovum 1, 10

Iovi· 1, 10

Iphicli i, 14
1111111111. 11
Iphigeninm i, 10. 11, 1
Ι111,1.11.11,1.10.40.40.111,1
Incnndn 11, 10
1111111111 1, 10
Iracundia ii, 11. 00
1111111111, 10. 1, 0
11111 1, 10. 11, 10. 1, 1
11111 i. 10

Im ii, 40. 1, 10
11111,1.11.10.11.11,11. 1111
11111 11, 40

Iret iii. 2

111 ii. 10

1111111111 11, 40
Irmene iii, 10
1111111111 111, 11
11111111 iii, 11
11111111 11, 1
1111111111 1, 8. ii, 11. 11, 0
1111111111, 10
1111111111 1, 10. 11, 0
11111 iii, 14

iterii, 18

Iterato ii, 11

111111 i, 11. 11, 0
1111111111 11, 1. 10
Itinere ii, 10. iii. 10. 11, 10
1111111111, 11

Itum ii, 1

iturum ii, 18

 

