xum

11110011, 77. 11, 16
1600011, 16

16000 11, 77. 1, 6
1600 iii, 17. 76
Idomenei r, 17. 11,4

16000000 11, 16. 47. 111, 16. 11, 6. 7.

1666011060 1, 16. 11, 6. 11, 7

Idomeneus 1, 1. 16. 17. 11, 77. 111, 4.

14. 11, 22. 1,16. 11, 6
Idoneus 11, 7
16οο01 11, 77
1600010 11, 41
1600000 vi. 7
1600000111, 76
101001 11, 12 46
1010111, 7. 11, 7. 11, 16
1010 111, 17
10111 11, 16
10001011, 77
Ignaros ii, 77
Ignes 1, 8

000100οω1000

iv, ⁰. 1, 6. 6. 12. 11, 1
1001600 111, 76
181116 11, “n 711
1000611001, 16
10001010 1, 6. 11, 77
Ignoratis 11, 77. 76
1000101001 10, 16
Ignoraverunt 111, 16
10001111οτ11 11, 6
Ignoscere 11, tt
10001000 111, 7

1110000011, 7

1111011, 16. 1,6. 14. 16
1110 i, 6. 11, 66. 111, 77
1110111 11, 6

1110100 ii. 66. 11, 6. 16
111010100 i. 17

1110100 11, 44

1110 11, 76

1110006110 11, 6

, 111001011, 7

11100100 11, 77. 11, 14
111111, 46. 111, 1. 71. 76. 11, 16
1111010010011, 6

11110110 1, 76

111100 11, 7

111100 111, 1

11110 11, 7. 11, 7

mnssx

111100 11, 46

111011, 1. 16

1110100 i, 6

11100 iii, 7

11106 1176. 1, 7. 11,7
11106010 111, 16. 11, 17
111010 111, 11

1110011160 11, 6
110011, 77

1100 11, 77. 1, 6

100 1, 11

1060111600 11, 16. 1, 17
1060111001 111, 14
10601100 11, 16
10611600 11, 41
1111161661 I, 'I fl
106010011, 77
10110611, 71

1100001 11, 47
1000100011, 6
100000100 11, 61
Immensum 1, 11
1000100 11, 11
1001001160 11, 16
Imminere 11, 76
1010100101 1, 7
1001001110 1, 7
10010000 11, 16
Immittit 1, 7

1011006100 11, 76
10006100 1, 7. 11, 4
100010011, 77
Immolete 1, 71
10100Ιο11 1, 77
100010110001 1, 1⁰
1000106 1, 6
1000106011, 14
1000106000 1, 7
1000660011)οι 1, 16. 11, 16. 111, 1
1001010600101, 76
1000110110 11, 77
1010060060 1, 14
100061οο6600 ii, 11· 111, 6
10006100010 11, 16
10006601 111, 74
10006111 1, 11
10006110 11, 47
10006111 1, 11 -
1000611011, 47
101006110ηο0 11, 7
1000060060 111, 71
Impensius 1, 11
1000060101 1, 6
1000100010 111, 74
1000000001 11, 17
18111018ῐῆ1, 150170 708
Imperator 11, 1. 76. 111, 16
Imperatore ii, 47

 

