1111

88. 88. 87. 44. 48. iii, 1. 4. 8. 18.
”0 i', 81 818· ⁰0 ¹² 1.· 881 18· V,
8. 4. 8. 8. 18.11.18. 18. 17
(1111111,4.18.81.1Ι,88. 1, 8. 11,8
(111111 1,1.8.8. 18. 88. 11, 888.
111, 81. 11,1
(11811, ιι. 11. 11. ii. 111. v, 11
(11011111,8. 8.18. 14. 18. 88. 88. 88.

’ 48. 111, 11. 11, 1. 4.7.18.18.88.

1, 1. 8. 8. 18. 11. 17

(111111111188. 84.88. 8888. 87.(1.
111, 14. 11, 8. 18. 1, 8. 7. 8. 17

(1181111118. 18.11.18.18. 18. 18. 81.
88. 84. 47. 81. 111, 1. 18. 18. 17. 88.
88. 11,7. 88. 1, 1. 4. 8. 18. 18

(1111111, 48. 48. 47. 111, 4

(11111111,11.18.18

(1111111111 ii, 88

(111111111, 18

(1111111, 14

(111111 111, 8

(1111111, 18. 11. 18. 18. 11, 8. 18. 18.
88. 48. 111, 17. 88. 11, 11. 88. 11, 8

(intimi, 88. 11, 8. 8. 18. 18. Ν. 81.
48. ἱίι. 87. 1,8. 18

(1111111 11, 47

(1111111111 11, 8

Gratulatus v. 1⁰

(11111111111,11. 11, 18

(1111111118 11, 14

emulatione 11, 8. 8

(111111111111 11, 8

(immistum 11. 18

(11111111, 88

(1111111111, 88

(11111111, 1. 1, 8

Gravi· 11, 48

(1111111111, 8. 11, 811

(11111111 ii. 88

(11118111 111, 88

Gravi· iv, 8

ominium 11, 88

(1111111111, 88. 11, 8. 6. 11, 18

Gwm ii. 11

Gremio 111, ²⁰

(111111 ii, 47

(1111111181 111, 88

(1181111811 vi, 4

(1111111, 17. 111, 14

H.

11181 111, 81
18111111, 87
1118881111, 8. 11, 18
1118181111 i. 18
1118111111 11, 18. 1,8

1111188

Haboni, 7. Eu. 111,(

1118111111, 18. 11, 88. 11, 11

111811111,81.111,8.18

1118111111, 18. 1, 8

1111111111, 88. 111, 18

11181111 11, 47

1118111 1, 8. 8. 18

Habitu iii. 84

Habitum 111, 88

1118111111 1,8

1111111111, 8. 11, 88. 1,4

1181188188 1, 81 11, 181 “- ⁸¹· u· 111, ⁴·
11,8. 18

1111111111, 1. 8. 11, 41. 1,18

1118111111 1,8

111811111111, 88

gubuit i. 11. 11, 88. 88. 87. 11, 18
11 1, 8

111111111ὶί, 88. 1, 18

11111111 iii. 1. 11, 1

1111111111, 11

1118118811 1, 81

Hune iii, 81

111111 111, 4. 8. 18. 11, 8. 17

1111111111, 48

1111111111 111, 1. 18

11111111 11, 18 ·

11111111, 1.4.18.18. 88

111111 (1811111) 11, 48

Hector ii, 88. 88. 88. 48. 111, 8. 8. 4. 8.

Hectore iii, 18. 81. 1, 8

11081018Ν11,,81 ⁴⁸· u· 111, ²· 1⁶· „a
11,8

1111181111 111, 18. 17. 88. 87. 11, 1. 1, 8.

11111811, 8. 18. 111, 8. 11, 1. 1,8.18.

111111811818. 111111. 111, 8. ὓ.

1111118111, 8. 111, 88

Helena 1, 8. 7. 18. 11, 88. 88. 11, 88.
7,,18151 121881 18

Helm! 1, 101 ”- 11, 81 fii. ”⁸ 18, 1·
21· 1, 818118

Η1111111, 4. 7. (1.18. ii, 88. 81. 88.
111, 2⁶⁸„- 18, ”a V, ¹⁴· 'i‚⁴

1111111111, 18. 81

1181810 V, ⁹· ¹⁰· 811 16

Helena· ii, 88. 111, 8. 1, 8

Hellespontum ii. 8

1111111111, 18

nemum 11, 18

8101111110 1, ¹⁴· 11, ⁴³²⁸„- 18, 15

111111111111,88

1101811118 1, 18· 11, 81 8ο 181, 81 18, 19

Hermiona 11, 18. 18

Hermione 11, 18

Hermionam vi, 4. 18. 18

111ιοί111, 18

 

