111 6. 6111111111. xxix

Imperatores 111, 16 1111116111,16
Impuntomm 11, 16 Incertum 11, 60. 111, 16. 26
Impemtum ii, 19 Ι11111111111,12.111,1. 11,611. v,
Imperfecto 1, 11. 1129. 1, 17 11. 11 ’
11611111111111, 16 1111111111, 10
1116111111,96.11 1111161161 11, 26
16111111111 1111111111 ii. 16
1161116611 11, 11 Incipere 11, 21
Impetum 11, 66 1166116111 ii, 11
Impurituntcu 11, 12 1166116611111,10
Ῑ116111111111,6 1611111111 1, 22
imperiis 1, 12 11111116ιὸ611 111, 10
1111111611. 11,26.1,6.11,0 1111111 111, 16. 11,1
Ι111611161111,16.66.1ἰ,11 1111]111111,16
1116111161 11, 1 1111111111, 21. 111, 6
Impetum ii, 21 Inclytu iii, 16
1116111111 111, m 1611116111 1, 16. 11, 16
1111111111111,16 ’ 11116111, 11
1611111ναὶ1111 hempta 11,1
1111611611, 19. 10.16 Inceptum i. 21
1116116111,6.111,6 1116166115
1661111111 1, 6. 11, 22 1116111161 11,1
111ρί111116. iii, 6. 11, 6 1116111611 11, 26
Impierctur 1, 26 1616116111 11, 10
Implicmi 11,1 11161111, 22. 11, 21
1116111161 11,1 1111166111 iii, 26
Implonvomnt 1, 16 Incolumis 11, 22. 1, 2. 11
Imponnnt ii, 6 incolumitate v, 2

incolumitatem ii. 61

Incommodum v, 16
Incommode ii, 92

, Incommodum 11,6
16111161111111 1161166616 16. 11
Impositum iii, 12 1116111611, 6. ii, 66
Impositum 11, 1116111116 111, 21
Impouuibiliu 1, 6 Inconditum 111, 10
166111111111,21.1,16 16161161111,11.11,11.1,6
1111111111 111, 11 Inconsultus ii. 11
16161611161,20.11,12.111,16.11,11 1116116116 1,6
1616111161 11161111111111, 21
1661611611, 19 1111111111 ii, 60
Impudentiam, 16 . Increputiu iii,8
Impugnutuu 1, 16 Increpitum 11,6
Imp 1111111,16 11116111,2
Impu ‘t 11, 6. 1, 6 11111111, 16
1611116111ἰῆ, 16. 11, 19 1111111611 ii, 12
16111111 11, 10 1111111111 11,6
166111111616111, 1 Incurrunt ii, 6. ll
Inoendemur 11, 2 Incnmuntcuquc iii, 11
1111611111,12.1,12.16 mouumentum
1161161161 11,6 1111161111, 1³
111111111,18.11,1 11161611111
lucum 11, 6 Incuruiones ii, 1³
Inoouuiquo 11,1 1111111111,6.6.69.11,1
1116661111, 5. V, ⁰· n hemma 1111 II
161611611115 1161166116
1161111 11,11 1111161161 11,26
111116 11, 1. 6. 16. 11 1.,16 ludioni, 11161116. 111, 11
Inceptum· 11,11 Indignn ii, ut. 11, 1. o

 

