1144

0111141141, 77. 1, 4. 7. 44

01111141111Λ7
0411111447444, 47. 41, 44

emmam-iv. 177.1,7

1111111111. 11
0111141144, 11
0111111114, 77
1111111111111144

computemus, 111111. ,,11

111111·

01111141111111477. 117

cmii, 77
0111111147
0111141111, 47

011114111144 44, 77. ’'ssffi' 77. 41, 77

0111114411, 47. 14, 47
0111144111, 17

emesam 44, 4717. 1, 7. 44

comme 1, 77

0111111144,77.44,74.41,4

01111111141, 47
cmm 41, 7

017αι11144,74.1,7.14,4

0111144111 iii, 74. 1, 7
0114411141, 74
0111444114, 17
0111411441· 11, 47
Concilium· 11, 4
0111441114, 77
01114414, 7. 44, 74. 77
cmm 4, 17
0111411111 4, 47
(lenimur 4, 44
7117111111 1, 1
0111411111 41, 17
emito 11, 1. 17
0111411144, 7
0411114414, 47. 44, 47
1111117111. 44, 7
0111111114 iii, 77
1111111111. 77

ommuni, 11 ’

0111111141 4, 7

011111411144, 7. 41, 47 ’

0111111111 1, 4
01111111 44, 7

0111111111 41, 7

47444444

“ condemnent 4, 7

01141111714, 7
0114444111 14, 4

Condit 1, 17

(4047044149, 101 ¹⁸

01144171 1, 47

0111447111 i, 17. 1, 4
011441111417444747. 41, 7. 47
Cfflfflfioflibu 444, l· V, 1⁰
0114441141444, 77
0111411444, 7

0114111414, 7. 1,14. 14, 44
conduct· 1, 7

conducti ii. 77. 77
0111411441 44, 47. 1, 7
0111111111, 7

0111411111 44, 47

euntem 44, 74

Confectum iii, 74

consecto 4, 70. 444, 74
euntem· 44, do

0114111111 44, 77
0174141444. 77
0114141111144, 47
confidendum iii, 17
01144111 44, 77
confidentius 444, 7
0114111111 11, 17
configitfi, 11 ·
0114111141 1, 4
011411114711“· 111, 7
0114411111ιί, 77
0114111111 4, 44. 17. 44. 1,4
011411111411 1, 44
0114111111 44, 77. 444, 77. 74. 41, 4

· 1117111117, 71

0114111111 444, 44. 41, 44. 1,47. 14,4)
0114111114 44, 44. iii, 7. 41, 7
0117111174,1.17.14,11
0114111141, 44
01141111411141, 44
011411111111141. 14
cnam-vitm, 17
0117111414, 47
01171114417
0111411111, 44
01141111111111111177
Conflugmineiii, 77
0114111114, 47

01144141· 11, 7

0114111144, 7
0114471114, 77. 77.· 11,7
01141111411118
011411114μ747.444,.71,7.47.14,4
011411111114,7

0114141141, 7

01141114, 77
0114114147

Confugiuw 11, 47

 

